0 195
197 28
227 610
839 73
914 71
987 81
1070 281
1353 25
1380 374
1756 98
1856 193
2051 632
2685 304
2991 49
3042 146
3190 125
3317 140
3459 86
3547 67
3616 58
3676 72
3750 101
3853 57
3912 52
3966 250
4218 75
4295 73
4370 74
4446 77
4525 70
4597 92
4691 311
5004 97
5103 93
5198 157
5357 77
5436 92
5530 165
5697 107
5806 44
5852 65
5919 132
6053 89
6144 123
6269 92
6363 414
6779 127
6908 78
6988 64
7054 91
7147 120
7269 78
7349 134
7485 84
7571 76
7649 129
7780 58
7840 73
7915 29
7946 90
8038 209
8249 57
8308 170
8480 151
8633 56
8691 130
8823 136
8961 70
9033 205
9240 938
10180 100
10282 253
10537 69
10608 172
10782 40
10824 129
10955 92
11049 189
11240 117
11359 125
11486 191
11679 141
11822 81
11905 69
11976 94
12072 112
12186 60
12248 96
12346 116
12464 61
12527 124
12653 93
12748 76
12826 120
12948 211
13161 68
13231 82
13315 65
13382 158
13542 388
13932 166
14100 549
14651 101
14754 43
14799 163
14964 102
15068 73
15143 62
15207 92
15301 207
15510 145
15657 73
15732 633
16367 634
17003 107
17112 357
17471 319
17792 94
17888 155
18045 186
18233 169
18404 184
18590 419
19011 186
19199 394
19595 280
19877 82
19961 196
20159 134
20295 152
20449 138
20589 168
20759 53
20814 35
20851 173
21026 89
21117 74
21193 63
21258 74
21334 113
21449 132
21583 81
21666 95
21763 106
21871 101
21974 97
22073 84
22159 110
22271 61
22334 103
22439 91
22532 62
22596 32
22630 70
22702 146
22850 112
22964 116
23082 71
23155 89
23246 74
23322 38
23362 86
23450 78
23530 133
23665 102
23769 72
23843 79
23924 516
24442 106
24550 45
24597 145
24744 81
24827 73
24902 110
25014 39
25055 38
25095 119
25216 57
25275 127
25404 50
25456 58
25516 29
25547 52
25601 89
25692 120
25814 118
25934 145
26081 63
26146 457
26605 124
26731 45
26778 82
26862 53
26917 158
27077 62
27141 75
27218 44
27264 56
27322 137
27461 66
27529 167
27698 110
27810 28
27840 100
27942 39
27983 44
28029 29
28060 66
28128 69
28199 97
28298 75
28375 41
28418 54
28474 102
28578 114
28694 91
28787 88
28877 284
29163 98
29263 132
29397 83
29482 78
29562 76
29640 71
29713 72
29787 107
29896 108
30006 178
30186 54
30242 106
30350 116
30468 50
30520 50
30572 88
30662 35
30699 50
30751 56
30809 78
30889 148
31039 45
31086 60
31148 67
31217 65
31284 97
31383 38
31423 40
31465 136
31603 92
31697 93
31792 87
31881 250
32133 34
32169 35
32206 151
32359 71
32432 88
32522 51
32575 107
32684 23
32709 107
32818 129
32949 53
33004 87
33093 38
33133 67
33202 81
33285 121
33408 82
33492 55
33549 64
33615 226
33843 207
34052 144
34198 103
34303 31
34336 96
34434 346
34782 88
34872 61
34935 117
35054 63
35119 76
35197 124
35323 86
35411 61
35474 88
35564 48
35614 100
35716 539
36257 68
36327 134
36463 75
36540 47
36589 91
36682 64
36748 249
36999 38
37039 63
37104 59
37165 225
37392 404
37798 73
37873 81
37956 132
38090 93
38185 101
38288 71
38361 84
38447 67
38516 59
38577 41
38620 41
38663 105
38770 32
38804 88
38894 105
39001 62
39065 49
39116 61
39179 39
39220 77
39299 161
39462 91
39555 77
39634 91
39727 50
39779 41
39822 44
39868 226
40096 52
40150 125
40277 284
40563 67
40632 113
40747 310
41059 262
41323 53
41378 43
41423 23
41448 138
41588 54
41644 28
41674 62
41738 205
41945 65
42012 169
42183 65
42250 85
42337 48
42387 77
42466 80
42548 56
42606 101
42709 263
42974 40
43016 79
43097 63
43162 98
43262 74
43338 139
43479 114
43595 97
43694 106
43802 70
43874 61
43937 73
44012 213
44227 248
44477 136
44615 72
44689 44
44735 66
44803 166
44971 40
45013 73
45088 193
45283 16
45301 18
45321 101
45424 50
45476 103
45581 70
45653 195
45850 128
45980 78
46060 45
46107 85
46194 75
46271 68
46341 160
46503 305
46810 360
47172 137
47311 481
47794 157
47953 325
48280 316
48598 84
48684 69
48755 93
48850 84
48936 147
49085 169
49256 178
49436 282
49720 625
50347 153
50502 257
50761 73
50836 50
50888 80
50970 76
51048 118
51168 106
51276 74
51352 32
51386 42
51430 184
51616 155
51773 132
51907 113
52022 144
52168 188
52358 69
52429 23
52454 117
52573 15
52590 71
52663 62
52727 98
52827 71
52900 75
52977 243
53222 95
53319 119
53440 123
53565 127
53694 124
53820 47
53869 99
53970 154
54126 102
54230 32
54264 74
54340 45
54387 52
54441 52
54495 47
54544 34
54580 94
54676 25
54703 38
54743 137
54882 62
54946 29
54977 101
55080 41
55123 47
55172 6
55180 191
55373 55
55430 78
55510 114
55626 47
55675 294
55971 77
56050 154
56206 80
56288 140
56430 66
56498 109
56609 124
56735 235
56972 135
57109 42
57153 111
57266 111
57379 186
57567 26
57595 111
57708 171
57881 116
57999 61
58062 96
58160 64
58226 80
58308 187
58497 124
58623 62
58687 77
58766 71
58839 77
58918 121
59041 71
59114 45
59161 41
59204 89
59295 67
59364 249
59615 117
59734 91
59827 231
60060 304
60366 243
60611 87
60700 74
60776 141
60919 86
61007 51
61060 58
61120 89
61211 115
61328 121
61451 67
61520 72
61594 73
61669 25
61696 30
61728 134
61864 235
62101 268
62371 53
62426 491
62919 54
62975 48
63025 66
63093 88
63183 68
63253 26
63281 104
63387 114
63503 131
63636 51
63689 103
63794 166
63962 116
64080 123
64205 131
64338 93
64433 115
64550 127
64679 45
64726 35
64763 136
64901 56
64959 17
64978 106
65086 105
65193 65
65260 39
65301 148
65451 127
65580 101
65683 61
65746 77
65825 107
65934 481
66417 70
66489 86
66577 195
66774 115
66891 72
66965 81
67048 41
67091 61
67154 97
67253 94
67349 92
67443 106
67551 92
67645 203
67850 154
68006 19
68027 66
68095 150
68247 33
68282 117
68401 145
68548 83
68633 127
68762 105
68869 67
68938 121
69061 142
69205 124
69331 69
69402 236
69640 76
69718 128
69848 100
69950 78
70030 139
70171 61
70234 49
70285 46
70333 72
70407 33
70442 141
70585 203
70790 108
70900 401
71303 27
71332 145
71479 156
71637 141
71780 71
71853 131
71986 47
72035 70
72107 131
72240 199
72441 48
72491 60
72553 275
72830 130
72962 112
73076 71
73149 33
73184 48
73234 130
73366 127
73495 660
74157 49
74208 77
74287 77
74366 68
74436 109
74547 124
74673 110
74785 137
74924 119
75045 53
75100 55
75157 36
75195 58
75255 44
75301 62
75365 50
75417 112
75531 59
75592 54
75648 84
75734 50
75786 110
75898 88
75988 128
76118 114
76234 208
76444 126
76572 79
76653 118
76773 82
76857 34
76893 56
76951 110
77063 77
77142 129
77273 95
77370 96
77468 124
77594 81
77677 294
77973 130
78105 16
78123 145
78270 504
78776 103
78881 145
79028 31
79061 129
79192 61
79255 119
79376 85
79463 83
79548 120
79670 82
79754 126
79882 123
80007 104
80113 187
80302 68
80372 72
80446 70
80518 37
80557 50
80609 151
80762 124
80888 61
80951 34
80987 79
81068 128
81198 23
81223 65
81290 86
81378 51
81431 308
81741 35
81778 37
81817 154
81973 108
82083 46
82131 64
82197 53
82252 137
82391 96
82489 190
82681 84
82767 583
83352 331
83685 45
83732 69
83803 495
84300 98
84400 73
84475 81
84558 200
84760 95
84857 64
84923 30
84955 43
85000 36
85038 100
85140 86
85228 65
85295 52
85349 96
85447 70
85519 61
85582 325
85909 60
85971 253
86226 236
86464 79
86545 58
86605 67
86674 36
86712 43
86757 137
86896 64
86962 57
87021 48
87071 45
87118 97
87217 86
87305 124
87431 96
87529 77
87608 67
87677 69
87748 84
87834 98
87934 54
87990 467
88459 146
88607 69
88678 98
88778 336
89116 67
89185 133
89320 27
89349 29
89380 29
89411 252
89665 101
89768 148
89918 284
90204 65
90271 110
90383 92
90477 67
90546 23
90571 60
90633 71
90706 96
90804 457
91263 180
91445 56
91503 59
91564 47
91613 177
91792 57
91851 91
91944 33
91979 138
92119 141
92262 55
92319 114
92435 39
92476 208
92686 92
92780 60
92842 77
92921 213
93136 68
93206 512
93720 102
93824 108
93934 141
94077 128
94207 38
94247 77
94326 65
94393 98
94493 665
95160 223
95385 247
95634 98
95734 82
95818 152
95972 78
96052 145
96199 313
96514 25
96541 165
96708 181
96891 35
96928 54
96984 83
97069 43
97114 97
97213 78
97293 101
97396 384
97782 31
97815 62
97879 79
97960 134
98096 114
98212 67
98281 110
98393 9
98404 70
98476 181
98659 144
98805 64
98871 20
98893 101
98996 42
99040 66
99108 526
99636 81
99719 21
99742 27
99771 19
99792 62
99856 38
99896 169
100067 78
100147 60
100209 72
100283 65
100350 69
100421 177
100600 126
100728 46
100776 153
100931 103
101036 106
101144 106
101252 58
101312 82
101396 44
101442 138
101582 56
101640 89
101731 38
101771 76
101849 56
101907 53
101962 90
102054 208
102264 227
102493 123
102618 62
102682 66
102750 96
102848 192
103042 341
103385 37
103424 86
103512 158
103672 91
103765 125
103892 59
103953 78
104033 67
104102 94
104198 139
104339 84
104425 65
104492 45
104539 54
104595 120
104717 110
104829 109
104940 90
105032 135
105169 69
105240 172
105414 333
105749 129
105880 150
106032 35
106069 96
106167 226
106395 57
106454 178
106634 78
106714 57
106773 472
107247 59
107308 106
107416 64
107482 68
107552 57
107611 54
107667 71
107740 179
107921 22
107945 140
108087 58
108147 63
108212 34
108248 37
108287 85
108374 22
108398 58
108458 87
108547 72
108621 69
108692 79
108773 124
108899 16
108917 134
109053 65
109120 213
109335 57
109394 36
109432 32
109466 71
109539 154
109695 64
109761 35
109798 47
109847 56
109905 57
109964 105
110071 54
110127 94
110223 51
110276 192
110470 49
110521 31
110554 361
110917 30
110949 56
111007 69
111078 113
111193 61
111256 308
111566 434
112002 109
112113 100
112215 108
112325 106
112433 87
112522 36
112560 93
112655 28
112685 236
112923 82
113007 99
113108 36
113146 70
113218 94
113314 60
113376 121
113499 133
113634 130
113766 117
113885 148
114035 113
114150 142
114294 138
114434 95
114531 163
114696 52
114750 54
114806 122
114930 59
114991 420
115413 167
115582 128
115712 119
115833 83
115918 133
116053 215
116270 256
116528 238
116768 156
116926 175
117103 691
117796 504
118302 80
118384 261
118647 94
118743 140
118885 69
118956 372
119330 84
119416 71
119489 62
119553 164
119719 64
119785 286
120073 95
120170 213
120385 57
120444 66
120512 240
120754 170
120926 73
121001 166
121169 89
121260 89
121351 126
121479 126
121607 46
121655 99
121756 92
121850 67
121919 281
122202 131
122335 97
122434 80
122516 74
122592 113
122707 233
122942 58
123002 70
123074 85
123161 49
123212 141
123355 77
123434 106
123542 59
123603 56
123661 164
123827 72
123901 67
123970 72
124044 30
124076 322
124400 43
124445 87
124534 48
124584 101
124687 27
124716 433
125151 178
125331 175
125508 101
125611 57
125670 142
125814 391
126207 66
126275 269
126546 97
126645 388
127035 91
127128 269
127399 109
127510 37
127549 71
127622 49
127673 89
127764 62
127828 66
127896 59
127957 257
128216 383
128601 762
129365 98
129465 181
129648 229
129879 155
130036 140
130178 43
130223 40
130265 238
130505 222
130729 116
130847 42
130891 194
131087 48
131137 55
131194 72
131268 173
131443 63
131508 55
131565 35
131602 36
131640 144
131786 169
131957 176
132135 94
132231 88
132321 62
132385 82
132469 63
132534 115
132651 175
132828 118
132948 70
133020 145
133167 78
133247 287
133536 108
133646 93
133741 131
133874 83
133959 109
134070 91
134163 35
134200 66
134268 67
134337 49
134388 366
134756 78
134836 51
134889 64
134955 54
135011 333
135346 59
135407 82
135491 54
135547 101
135650 42
135694 51
135747 66
135815 54
135871 164
136037 49
136088 88
136178 67
136247 75
136324 60
136386 121
136509 141
136652 63
136717 102
136821 115
136938 280
137220 68
137290 104
137396 249
137647 59
137708 115
137825 213
138040 92
138134 64
138200 89
138291 194
138487 262
138751 52
138805 126
138933 70
139005 85
139092 63
139157 68
139227 120
139349 71
139422 79
139503 71
139576 109
139687 87
139776 71
139849 48
139899 65
139966 69
140037 61
140100 94
140196 61
140259 68
140329 90
140421 54
140477 72
140551 122
140675 43
140720 113
140835 70
140907 88
140997 77
141076 113
141191 138
141331 85
141418 147
141567 154
141723 178
141903 73
141978 127
142107 40
142149 69
142220 94
142316 103
142421 127
142550 87
142639 144
142785 186
142973 120
143095 36
143133 56
143191 68
143261 82
143345 146
143493 100
143595 74
143671 74
143747 64
143813 61
143876 69
143947 25
143974 77
144053 97
144152 86
144240 47
144289 68
144359 65
144426 213
144641 156
144799 120
144921 90
145013 127
145142 106
145250 101
145353 743
146098 183
146283 213
146498 78
146578 343
146923 210
147135 217
147354 178
147534 296
147832 137
147971 89
148062 105
148169 142
148313 73
148388 169
148559 113
148674 86
148762 85
148849 256
149107 111
149220 112
149334 103
149439 49
149490 29
149521 148
149671 89
149762 88
149852 54
149908 80
149990 51
150043 126
150171 69
150242 33
150277 248
150527 71
150600 47
150649 260
150911 149
151062 79
151143 200
151345 101
151448 166
151616 46
151664 150
151816 258
152076 256
152334 65
152401 49
152452 45
152499 91
152592 240
152834 215
153051 63
153116 61
153179 139
153320 157
153479 206
153687 207
153896 77
153975 68
154045 49
154096 45
154143 74
154219 200
154421 78
154501 386
154889 192
155083 129
155214 452
155668 80
155750 80
155832 115
155949 82
156033 68
156103 128
156233 89
156324 86
156412 71
156485 119
156606 56
156664 158
156824 355
157181 92
157275 70
157347 69
157418 385
157805 108
157915 51
157968 154
158124 42
158168 88
158258 48
158308 85
158395 60
158457 41
158500 75
158577 54
158633 70
158705 443
159150 63
159215 110
159327 179
159508 137
159647 35
159684 95
159781 63
159846 42
159890 31
159923 44
159969 43
160014 94
160110 67
160179 81
160262 65
160329 246
160577 27
160606 55
160663 80
160745 75
160822 85
160909 52
160963 140
161105 192
161299 64
161365 102
161469 56
161527 110
161639 64
161705 53
161760 55
161817 128
161947 288
162237 32
162271 93
162366 38
162406 61
162469 99
162570 114
162686 91
162779 291
163072 59
163133 270
163405 73
163480 71
163553 109
163664 65
163731 89
163822 89
163913 83
163998 107
164107 132
164241 273
164516 66
164584 108
164694 35
164731 80
164813 97
164912 58
164972 293
165267 355
165624 76
165702 124
165828 37
165867 69
165938 119
166059 119
166180 63
166245 166
166413 95
166510 349
166861 47
166910 62
166974 173
167149 113
167264 92
167358 75
167435 55
167492 659
168153 151
168306 52
168360 66
168428 57
168487 162
168651 49
168702 63
168767 56
168825 84
168911 164
169077 45
169124 35
169161 479
169642 71
169715 115
169832 96
169930 41
169973 68
170043 80
170125 77
170204 185
170391 140
170533 109
170644 96
170742 63
170807 117
170926 93
171021 79
171102 86
171190 73
171265 61
171328 73
171403 65
171470 72
171544 141
171687 157
171846 57
171905 53
171960 101
172063 68
172133 18
172153 86
172241 77
172320 62
172384 68
172454 45
172501 31
172534 69
172605 267
172874 85
172961 165
173128 76
173206 49
173257 62
173321 76
173399 79
173480 70
173552 60
173614 80
173696 58
173756 57
173815 73
173890 123
174015 80
174097 56
174155 62
174219 33
174254 29
174285 112
174399 41
174442 85
174529 52
174583 35
174620 47
174669 313
174984 73
175059 75
175136 148
175286 79
175367 153
175522 74
175598 63
175663 70
175735 129
175866 42
175910 86
175998 194
176194 60
176256 69
176327 32
176361 35
176398 92
176492 57
176551 30
176583 41
176626 275
176903 130
177035 72
177109 77
177188 180
177370 81
177453 71
177526 84
177612 102
177716 108
177826 61
177889 60
177951 34
177987 137
178126 49
178177 52
178231 53
178286 463
178751 131
178884 124
179010 65
179077 90
179169 88
179259 64
179325 54
179381 74
179457 87
179546 123
179671 669
180342 84
180428 56
180486 115
180603 57
180662 41
180705 130
180837 60
180899 80
180981 50
181033 122
181157 74
181233 96
181331 98
181431 223
181656 69
181727 134
181863 118
181983 142
182127 56
182185 102
182289 38
182329 112
182443 60
182505 74
182581 76
182659 139
182800 228
183030 69
183101 140
183243 48
183293 64
183359 596
183957 52
184011 78
184091 191
184284 254
184540 121
184663 23
184688 191
184881 24
184907 45
184954 42
184998 57
185057 289
185348 60
185410 86
185498 38
185538 60
185600 73
185675 32
185709 56
185767 153
185922 105
186029 48
186079 35
186116 149
186267 74
186343 90
186435 99
186536 63
186601 121
186724 129
186855 39
186896 62
186960 19
186981 165
187148 108
187258 59
187319 65
187386 61
187449 84
187535 301
187838 55
187895 153
188050 90
188142 58
188202 67
188271 53
188326 205
188533 72
188607 50
188659 89
188750 40
188792 92
188886 145
189033 56
189091 54
189147 36
189185 66
189253 70
189325 143
189470 62
189534 149
189685 111
189798 39
189839 127
189968 86
190056 79
190137 51
190190 57
190249 75
190326 148
190476 62
190540 52
190594 457
191053 98
191153 70
191225 99
191326 58
191386 183
191571 77
191650 97
191749 67
191818 61
191881 85
191968 62
192032 122
192156 38
192196 192
192390 172
192564 131
192697 193
192892 67
192961 87
193050 193
193245 113
193360 56
193418 363
193783 68
193853 366
194221 129
194352 473
194827 43
194872 74
194948 50
195000 80
195082 37
195121 115
195238 137
195377 32
195411 148
195561 80
195643 91
195736 135
195873 49
195924 364
196290 132
196424 103
196529 35
196566 88
196656 41
196699 52
196753 45
196800 186
196988 67
197057 50
197109 154
197265 139
197406 128
197536 129
197667 59
197728 69
197799 135
197936 87
198025 86
198113 63
198178 50
198230 46
198278 216
198496 63
198561 83
198646 149
198797 70
198869 109
198980 85
199067 71
199140 103
199245 51
199298 126
199426 80
199508 99
199609 89
199700 101
199803 66
199871 58
199931 48
199981 101
200084 58
200144 82
200228 104
200334 114
200450 16
200468 32
200502 242
200746 29
200777 104
200883 75
200960 110
201072 130
201204 213
201419 79
201500 103
201605 17
201624 69
201695 61
201758 42
201802 77
201881 36
201919 61
201982 414
202398 24
202424 42
202468 151
202621 99
202722 45
202769 98
202869 105
202976 90
203068 77
203147 37
203186 316
203504 53
203559 58
203619 40
203661 152
203815 66
203883 90
203975 132
204109 111
204222 113
204337 118
204457 387
204846 78
204926 180
205108 299
205409 380
205791 149
205942 132
206076 165
206243 153
206398 89
206489 79
206570 103
206675 72
206749 31
206782 67
206851 53
206906 210
207118 41
207161 115
207278 67
207347 125
207474 94
207570 157
207729 67
207798 252
208052 63
208117 131
208250 90
208342 63
208407 165
208574 47
208623 196
208821 67
208890 49
208941 166
209109 88
209199 80
209281 194
209477 54
209533 62
209597 147
209746 89
209837 91
209930 73
210005 62
210069 139
210210 144
210356 182
210540 143
210685 242
210929 86
211017 94
211113 25
211140 46
211188 52
211242 141
211385 113
211500 114
211616 63
211681 75
211758 271
212031 205
212238 72
212312 20
212334 66
212402 62
212466 50
212518 115
212635 63
212700 112
212814 194
213010 99
213111 96
213209 83
213294 93
213389 56
213447 66
213515 65
213582 201
213785 56
213843 117
213962 179
214143 408
214553 94
214649 101
214752 74
214828 95
214925 354
215281 256
215539 87
215628 74
215704 47
215753 149
215904 55
215961 144
216107 87
216196 116
216314 152
216468 83
216553 59
216614 54
216670 58
216730 53
216785 180
216967 46
217015 677
217694 154
217850 62
217914 68
217984 126
218112 75
218189 79
218270 98
218370 43
218415 54
218471 41
218514 60
218576 113
218691 75
218768 66
218836 54
218892 58
218952 133
219087 66
219155 61
219218 86
219306 59
219367 74
219443 51
219496 76
219574 64
219640 126
219768 134
219904 66
219972 104
220078 131
220211 117
220330 170
220502 95
220599 64
220665 121
220788 72
220862 80
220944 404
221350 68
221420 70
221492 167
221661 81
221744 204
221950 116
222068 55
222125 108
222235 164
222401 48
222451 173
222626 170
222798 187
222987 168
223157 99
223258 74
223334 173
223509 74
223585 328
223915 171
224088 121
224211 86
224299 249
224550 36
224588 87
224677 60
224739 68
224809 172
224983 114
225099 51
225152 44
225198 217
225417 104
225523 70
225595 69
225666 75
225743 100
225845 75
225922 100
226024 62
226088 103
226193 79
226274 63
226339 211
226552 76
226630 302
226934 341
227277 51
227330 72
227404 142
227548 100
227650 467
228119 178
228299 53
228354 58
228414 46
228462 71
228535 170
228707 89
228798 247
229047 65
229114 82
229198 37
229237 85
229324 76
229402 223
229627 55
229684 58
229744 57
229803 131
229936 86
230024 53
230079 99
230180 85
230267 82
230351 88
230441 133
230576 76
230654 66
230722 326
231050 90
231142 303
231447 53
231502 72
231576 69
231647 109
231758 95
231855 143
232000 51
232053 77
232132 98
232232 66
232300 53
232355 57
232414 79
232495 115
232612 120
232734 113
232849 248
233099 284
233385 81
233468 402
233872 220
234094 66
234162 149
234313 84
234399 94
234495 42
234539 190
234731 50
234783 77
234862 103
234967 97
235066 68
235136 61
235199 172
235373 243
235618 183
235803 62
235867 201
236070 34
236106 64
236172 86
236260 71
236333 74
236409 80
236491 59
236552 106
236660 51
236713 66
236781 81
236864 68
236934 160
237096 133
237231 104
237337 33
237372 111
237485 111
237598 365
237965 69
238036 98
238136 82
238220 60
238282 94
238378 136
238516 89
238607 103
238712 104
238818 107
238927 74
239003 81
239086 105
239193 84
239279 152
239433 84
239519 65
239586 126
239714 274
239990 348
240340 31
240373 154
240529 110
240641 70
240713 127
240842 377
241221 98
241321 108
241431 89
241522 162
241686 62
241750 71
241823 356
242181 127
242310 118
242430 150
242582 659
243243 68
243313 144
243459 205
243666 38
243706 70
243778 129
243909 130
244041 80
244123 75
244200 78
244280 88
244370 76
244448 288
244738 67
244807 98
244907 54
244963 57
245022 293
245317 138
245457 237
245696 54
245752 57
245811 576
246389 225
246616 39
246657 92
246751 63
246816 92
246910 103
247015 127
247144 155
247301 89
247392 83
247477 114
247593 43
247638 53
247693 135
247830 513
248345 82
248429 111
248542 94
248638 175
248815 60
248877 165
249044 47
249093 170
249265 131
249398 49
249449 98
249549 67
249618 88
249708 49
249759 153
249914 132
250048 43
250093 93
250188 96
250286 141
250429 47
250478 41
250521 49
250572 134
250708 221
250931 73
251006 93
251101 83
251186 104
251292 429
251723 250
251975 75
252052 143
252197 110
252309 72
252383 91
252476 84
252562 38
252602 286
252890 122
253014 132
253148 246
253396 220
253618 213
253833 146
253981 53
254036 318
254356 51
254409 105
254516 326
254844 89
254935 115
255052 73
255127 80
255209 75
255286 36
255324 77
255403 73
255478 207
255687 126
255815 113
255930 336
256268 698
256968 57
257027 58
257087 126
257215 38
257255 79
257336 69
257407 130
257539 51
257592 52
257646 94
257742 89
257833 92
257927 33
257962 125
258089 28
258119 29
258150 89
258241 149
258392 97
258491 129
258622 123
258747 392
259141 208
259351 40
259393 76
259471 67
259540 93
259635 56
259693 72
259767 48
259817 33
259852 41
259895 23
259920 49
259971 44
260017 74
260093 39
260134 217
260353 221
260576 325
260903 85
260990 122
261114 306
261422 79
261503 46
261551 87
261640 130
261772 145
261919 64
261985 113
262100 55
262157 196
262355 114
262471 31
262504 53
262559 82
262643 42
262687 76
262765 23
262790 103
262895 107
263004 76
263082 70
263154 21
263177 54
263233 63
263298 114
263414 85
263501 45
263548 87
263637 87
263726 72
263800 106
263908 36
263946 109
264057 330
264389 83
264474 41
264517 132
264651 65
264718 52
264772 55
264829 21
264852 120
264974 119
265095 22
265119 554
265675 52
265729 43
265774 41
265817 58
265877 56
265935 62
265999 141
266142 101
266245 88
266335 93
266430 98
266530 121
266653 90
266745 74
266821 73
266896 73
266971 39
267012 49
267063 58
267123 99
267224 135
267361 37
267400 151
267553 135
267690 74
267766 342
268110 27
268139 155
268296 90
268388 88
268478 139
268619 53
268674 25
268701 36
268739 23
268764 21
268787 79
268868 142
269012 100
269114 69
269185 35
269222 212
269436 67
269505 46
269553 72
269627 70
269699 30
269731 124
269857 33
269892 35
269929 16
269947 143
270092 26
270120 42
270164 45
270211 33
270246 79
270327 63
270392 89
270483 82
270567 91
270660 18
270680 58
270740 66
270808 62
270872 116
270990 86
271078 55
271135 58
271195 95
271292 179
271473 397
271872 66
271940 66
272008 98
272108 94
272204 142
272348 126
272476 55
272533 76
272611 91
272704 127
272833 60
272895 147
273044 115
273161 122
273285 59
273346 207
273555 209
273766 91
273859 61
273922 157
274081 55
274138 118
274258 24
274284 82
274368 132
274502 256
274760 252
275014 65
275081 115
275198 58
275258 233
275493 52
275547 63
275612 94
275708 50
275760 45
275807 55
275864 71
275937 92
276031 178
276211 196
276409 43
276454 43
276499 41
276542 67
276611 90
276703 499
277204 87
277293 59
277354 61
277417 58
277477 118
277597 58
277657 54
277713 59
277774 52
277828 92
277922 102
278026 62
278090 53
278145 16
278163 126
278291 109
278402 103
278507 134
278643 124
278769 208
278979 132
279113 58
279173 243
279418 103
279523 111
279636 72
279710 216
279928 266
280196 55
280253 155
280410 152
280564 106
280672 92
280766 129
280897 51
280950 27
280979 21
281002 55
281059 170
281231 98
281331 390
281723 139
281864 105
281971 76
282049 291
282342 245
282589 111
282702 305
283009 69
283080 58
283140 55
283197 89
283288 105
283395 93
283490 83
283575 93
283670 164
283836 261
284099 50
284151 58
284211 115
284328 361
284691 98
284791 87
284880 85
284967 106
285075 21
285098 91
285191 51
285244 73
285319 164
285485 76
285563 62
285627 16
285645 57
285704 67
285773 99
285874 136
286012 65
286079 202
286283 101
286386 55
286443 80
286525 79
286606 73
286681 107
286790 120
286912 129
287043 91
287136 62
287200 258
287460 50
287512 66
287580 324
287906 49
287957 34
287993 36
288031 124
288157 112
288271 132
288405 61
288468 103
288573 602
289177 48
289227 45
289274 108
289384 68
289454 39
289495 186
289683 26
289711 112
289825 103
289930 119
290051 91
290144 58
290204 128
290334 175
290511 61
290574 75
290651 210
290863 108
290973 53
291028 61
291091 69
291162 31
291195 135
291332 53
291387 139
291528 102
291632 66
291700 65
291767 80
291849 68
291919 42
291963 122
292087 78
292167 85
292254 120
292376 418
292796 83
292881 93
292976 78
293056 57
293115 245
293362 102
293466 88
293556 115
293673 59
293734 86
293822 89
293913 75
293990 66
294058 116
294176 64
294242 35
294279 60
294341 142
294485 65
294552 68
294622 133
294757 98
294857 165
295024 75
295101 48
295151 119
295272 255
295529 114
295645 320
295967 140
296109 104
296215 105
296322 137
296461 113
296576 209
296787 218
297007 146
297155 255
297412 281
297695 87
297784 123
297909 92
298003 170
298175 424
298601 135
298738 277
299017 111
299130 216
299348 423
299773 150
299925 179
300106 290
300398 131
300531 176
300709 375
301086 372
301460 177
301639 599
302240 196
302438 697
303137 210
303349 409
303760 279
304041 986
305029 137
305168 147
305317 171
305490 247
305739 208
305949 149
306100 326
306428 294
306724 293
307019 155
307176 213
307391 168
307561 188
307751 213
307966 248
308216 291
308509 140
308651 128
308781 258
309041 182
309225 189
309416 164
309582 126
309710 268
309980 213
310195 131
310328 148
310478 126
310606 87
310695 118
310815 158
310975 155
311132 117
311251 104
311357 101
311460 110
311572 150
311724 176
311902 98
312002 122
312126 67
312195 219
312416 88
312506 80
312588 75
312665 83
312750 227
312979 158
313139 111
313252 202
313456 125
313583 160
313745 101
313848 75
313925 300
314227 233
314462 93
314557 118
314677 158
314837 155
314994 314
315310 45
315357 137
315496 99
315597 134
315733 382
316117 331
316450 137
316589 93
316684 102
316788 135
316925 156
317083 187
317272 97
317371 119
317492 290
317784 220
318006 154
318162 364
318528 109
318639 169
318810 101
318913 319
319234 127
319363 239
319604 340
319946 564
320512 200
320714 162
320878 133
321013 168
321183 134
321319 77
321398 80
321480 91
321573 100
321675 85
321762 268
322032 131
322165 557
322724 215
322941 125
323068 106
323176 156
323334 118
323454 352
323808 242
324052 1053
325107 181
325290 305
325597 847
326446 45
326493 132
326627 41
326670 77
326749 195
326946 191
327139 239
327380 337
327719 337
328058 170
328230 576
328808 443
329253 314
329569 238
329809 316
330127 340
330469 88
330559 91
330652 137
330791 207
331000 115
331117 67
331186 78
331266 97
331365 123
331490 112
331604 300
331906 331
332239 141
332382 104
332488 138
332628 96
332726 120
332848 89
332939 143
333084 101
333187 156
333345 171
333518 77
333597 99
333698 72
333772 88
333862 91
333955 138
334095 70
334167 156
334325 128
334455 101
334558 62
334622 277
334901 246
335149 152
335303 129
335434 65
335501 82
335585 92
335679 72
335753 150
335905 94
336001 130
336133 69
336204 119
336325 59
336386 112
336500 68
336570 113
336685 96
336783 175
336960 102
337064 145
337211 88
337301 114
337417 69
337488 72
337562 131
337695 105
337802 110
337914 123
338039 115
338156 154
338312 120
338434 143
338579 75
338656 67
338725 164
338891 84
338977 235
339214 616
339832 388
340222 587
340811 395
341208 846
342056 187
342245 116
342363 170
342535 151
342688 194
342884 197
343083 229
343314 273
343589 203
343794 96
343892 151
344045 125
344172 84
344258 72
344332 133
344467 247
344716 101
344819 115
344936 105
345043 203
345248 184
345434 278
345714 90
345806 117
345925 104
346031 69
346102 70
346174 108
346284 201
346487 97
346586 162
346750 92
346844 264
347110 80
347192 143
347337 95
347434 135
347571 76
347649 175
347826 97
347925 182
348109 120
348231 108
348341 139
348482 104
348588 197
348787 117
348906 95
349003 180
349185 234
349421 119
349542 168
349712 75
349789 147
349938 111
350051 103
350156 134
350292 100
350394 127
350523 72
350597 123
350722 109
350833 62
350897 96
350995 181
351178 109
351289 81
351372 59
351433 106
351541 115
351658 168
351828 158
351988 87
352077 81
352160 102
352264 122
352388 226
352616 192
352810 220
353032 147
353181 76
353259 187
353448 103
353553 136
353691 94
353787 155
353944 258
354204 101
354307 156
354465 92
354559 84
354645 143
354790 79
354871 157
355030 76
355108 130
355240 206
355448 170
355620 99
355721 114
