2 193
199 26
229 608
841 71
916 69
989 79
1072 279
1355 23
1382 372
1758 96
1858 191
2053 630
2687 302
2993 47
3044 144
3192 123
3319 138
3461 84
3549 65
3618 56
3678 70
3752 99
3855 55
3914 50
3968 248
4220 73
4297 71
4372 72
4448 75
4527 68
4599 90
4693 309
5006 95
5105 91
5200 155
5359 75
5438 90
5532 163
5699 105
5808 42
5854 63
5921 130
6055 87
6146 121
6271 90
6365 412
6781 125
6910 76
6990 62
7056 89
7149 118
7271 76
7351 132
7487 82
7573 74
7651 127
7782 56
7842 71
7917 27
7948 88
8040 207
8251 55
8310 168
8482 149
8635 54
8693 128
8825 134
8963 68
9035 203
9242 936
10182 98
10284 251
10539 67
10610 170
10784 38
10826 127
10957 90
11051 187
11242 115
11361 123
11488 189
11681 139
11824 79
11907 67
11978 92
12074 110
12188 58
12250 94
12348 114
12466 59
12529 122
12655 91
12750 74
12828 118
12950 209
13163 66
13233 80
13317 63
13384 156
13544 386
13934 164
14102 547
14653 99
14756 41
14801 161
14966 100
15070 71
15145 60
15209 90
15303 205
15512 143
15659 71
15734 631
16369 632
17005 105
17114 355
17473 317
17794 92
17890 153
18047 184
18235 167
18406 182
18592 417
19013 184
19201 392
19597 278
19879 80
19963 194
20161 132
20297 150
20451 136
20591 166
20761 51
20816 33
20853 171
21028 87
21119 72
21195 61
21260 72
21336 111
21451 130
21585 79
21668 93
21765 104
21873 99
21976 95
22075 82
22161 108
22273 59
22336 101
22441 89
22534 60
22598 30
22632 68
22704 144
22852 110
22966 114
23084 69
23157 87
23248 72
23324 36
23364 84
23452 76
23532 131
23667 100
23771 70
23845 77
23926 514
24444 104
24552 43
24599 143
24746 79
24829 71
24904 108
25016 37
25057 36
25097 117
25218 55
25277 125
25406 48
25458 56
25518 27
25549 50
25603 87
25694 118
25816 116
25936 143
26083 61
26148 455
26607 122
26733 43
26780 80
26864 51
26919 156
27079 60
27143 73
27220 42
27266 54
27324 135
27463 64
27531 165
27700 108
27812 26
27842 98
27944 37
27985 42
28031 27
28062 64
28130 67
28201 95
28300 73
28377 39
28420 52
28476 100
28580 112
28696 89
28789 86
28879 282
29165 96
29265 130
29399 81
29484 76
29564 74
29642 69
29715 70
29789 105
29898 106
30008 176
30188 52
30244 104
30352 114
30470 48
30522 48
30574 86
30664 33
30701 48
30753 54
30811 76
30891 146
31041 43
31088 58
31150 65
31219 63
31286 95
31385 36
31425 38
31467 134
31605 90
31699 91
31794 85
31883 248
32135 32
32171 33
32208 149
32361 69
32434 86
32524 49
32577 105
32686 21
32711 105
32820 127
32951 51
33006 85
33095 36
33135 65
33204 79
33287 119
33410 80
33494 53
33551 62
33617 224
33845 205
34054 142
34200 101
34305 29
34338 94
34436 344
34784 86
34874 59
34937 115
35056 61
35121 74
35199 122
35325 84
35413 59
35476 86
35566 46
35616 98
35718 537
36259 66
36329 132
36465 73
36542 45
36591 89
36684 62
36750 247
37001 36
37041 61
37106 57
37167 223
37394 402
37800 71
37875 79
37958 130
38092 91
38187 99
38290 69
38363 82
38449 65
38518 57
38579 39
38622 39
38665 103
38772 30
38806 86
38896 103
39003 60
39067 47
39118 59
39181 37
39222 75
39301 159
39464 89
39557 75
39636 89
39729 48
39781 39
39824 42
39870 224
40098 50
40152 123
40279 282
40565 65
40634 111
40749 308
41061 260
41325 51
41380 41
41425 21
41450 136
41590 52
41646 26
41676 60
41740 203
41947 63
42014 167
42185 63
42252 83
42339 46
42389 75
42468 78
42550 54
42608 99
42711 261
42976 38
43018 77
43099 61
43164 96
43264 72
43340 137
43481 112
43597 95
43696 104
43804 68
43876 59
43939 71
44014 211
44229 246
44479 134
44617 70
44691 42
44737 64
44805 164
44973 38
45015 71
45090 191
45285 14
45303 16
45323 99
45426 48
45478 101
45583 68
45655 193
45852 126
45982 76
46062 43
46109 83
46196 73
46273 66
46343 158
46505 303
46812 358
47174 135
47313 479
47796 155
47955 323
48282 314
48600 82
48686 67
48757 91
48852 82
48938 145
49087 167
49258 176
49438 280
49722 623
50349 151
50504 255
50763 71
50838 48
50890 78
50972 74
51050 116
51170 104
51278 72
51354 30
51388 40
51432 182
51618 153
51775 130
51909 111
52024 142
52170 186
52360 67
52431 21
52456 115
52575 13
52592 69
52665 60
52729 96
52829 69
52902 73
52979 241
53224 93
53321 117
53442 121
53567 125
53696 122
53822 45
53871 97
53972 152
54128 100
54232 30
54266 72
54342 43
54389 50
54443 50
54497 45
54546 32
54582 92
54678 23
54705 36
54745 135
54884 60
54948 27
54979 99
55082 39
55125 45
55174 4
55182 189
55375 53
55432 76
55512 112
55628 45
55677 292
55973 75
56052 152
56208 78
56290 138
56432 64
56500 107
56611 122
56737 233
56974 133
57111 40
57155 109
57268 109
57381 184
57569 24
57597 109
57710 169
57883 114
58001 59
58064 94
58162 62
58228 78
58310 185
58499 122
58625 60
58689 75
58768 69
58841 75
58920 119
59043 69
59116 43
59163 39
59206 87
59297 65
59366 247
59617 115
59736 89
59829 229
60062 302
60368 241
60613 85
60702 72
60778 139
60921 84
61009 49
61062 56
61122 87
61213 113
61330 119
61453 65
61522 70
61596 71
61671 23
61698 28
61730 132
61866 233
62103 266
62373 51
62428 489
62921 52
62977 46
63027 64
63095 86
63185 66
63255 24
63283 102
63389 112
63505 129
63638 49
63691 101
63796 164
63964 114
64082 121
64207 129
64340 91
64435 113
64552 125
64681 43
64728 33
64765 134
64903 54
64961 15
64980 104
65088 103
65195 63
65262 37
65303 146
65453 125
65582 99
65685 59
65748 75
65827 105
65936 479
66419 68
66491 84
66579 193
66776 113
66893 70
66967 79
67050 39
67093 59
67156 95
67255 92
67351 90
67445 104
67553 90
67647 201
67852 152
68008 17
68029 64
68097 148
68249 31
68284 115
68403 143
68550 81
68635 125
68764 103
68871 65
68940 119
69063 140
69207 122
69333 67
69404 234
69642 74
69720 126
69850 98
69952 76
70032 137
70173 59
70236 47
70287 44
70335 70
70409 31
70444 139
70587 201
70792 106
70902 399
71305 25
71334 143
71481 154
71639 139
71782 69
71855 129
71988 45
72037 68
72109 129
72242 197
72443 46
72493 58
72555 273
72832 128
72964 110
73078 69
73151 31
73186 46
73236 128
73368 125
73497 658
74159 47
74210 75
74289 75
74368 66
74438 107
74549 122
74675 108
74787 135
74926 117
75047 51
75102 53
75159 34
75197 56
75257 42
75303 60
75367 48
75419 110
75533 57
75594 52
75650 82
75736 48
75788 108
75900 86
75990 126
76120 112
76236 206
76446 124
76574 77
76655 116
76775 80
76859 32
76895 54
76953 108
77065 75
77144 127
77275 93
77372 94
77470 122
77596 79
77679 292
77975 128
78107 14
78125 143
78272 502
78778 101
78883 143
79030 29
79063 127
79194 59
79257 117
79378 83
79465 81
79550 118
79672 80
79756 124
79884 121
80009 102
80115 185
80304 66
80374 70
80448 68
80520 35
80559 48
80611 149
80764 122
80890 59
80953 32
80989 77
81070 126
81200 21
81225 63
81292 84
81380 49
81433 306
81743 33
81780 35
81819 152
81975 106
82085 44
82133 62
82199 51
82254 135
82393 94
82491 188
82683 82
82769 581
83354 329
83687 43
83734 67
83805 493
84302 96
84402 71
84477 79
84560 198
84762 93
84859 62
84925 28
84957 41
85002 34
85040 98
85142 84
85230 63
85297 50
85351 94
85449 68
85521 59
85584 323
85911 58
85973 251
86228 234
86466 77
86547 56
86607 65
86676 34
86714 41
86759 135
86898 62
86964 55
87023 46
87073 43
87120 95
87219 84
87307 122
87433 94
87531 75
87610 65
87679 67
87750 82
87836 96
87936 52
87992 465
88461 144
88609 67
88680 96
88780 334
89118 65
89187 131
89322 25
89351 27
89382 27
89413 250
89667 99
89770 146
89920 282
90206 63
90273 108
90385 90
90479 65
90548 21
90573 58
90635 69
90708 94
90806 455
91265 178
91447 54
91505 57
91566 45
91615 175
91794 55
91853 89
91946 31
91981 136
92121 139
92264 53
92321 112
92437 37
92478 206
92688 90
92782 58
92844 75
92923 211
93138 66
93208 510
93722 100
93826 106
93936 139
94079 126
94209 36
94249 75
94328 63
94395 96
94495 663
95162 221
95387 245
95636 96
95736 80
95820 150
95974 76
96054 143
96201 311
96516 23
96543 163
96710 179
96893 33
96930 52
96986 81
97071 41
97116 95
97215 76
97295 99
97398 382
97784 29
97817 60
97881 77
97962 132
98098 112
98214 65
98283 108
98395 7
98406 68
98478 179
98661 142
98807 62
98873 18
98895 99
98998 40
99042 64
99110 524
99638 79
99721 19
99744 25
99773 17
99794 60
99858 36
99898 167
100069 76
100149 58
100211 70
100285 63
100352 67
100423 175
100602 124
100730 44
100778 151
100933 101
101038 104
101146 104
101254 56
101314 80
101398 42
101444 136
101584 54
101642 87
101733 36
101773 74
101851 54
101909 51
101964 88
102056 206
102266 225
102495 121
102620 60
102684 64
102752 94
102850 190
103044 339
103387 35
103426 84
103514 156
103674 89
103767 123
103894 57
103955 76
104035 65
104104 92
104200 137
104341 82
104427 63
104494 43
104541 52
104597 118
104719 108
104831 107
104942 88
105034 133
105171 67
105242 170
105416 331
105751 127
105882 148
106034 33
106071 94
106169 224
106397 55
106456 176
106636 76
106716 55
106775 470
107249 57
107310 104
107418 62
107484 66
107554 55
107613 52
107669 69
107742 177
107923 20
107947 138
108089 56
108149 61
108214 32
108250 35
108289 83
108376 20
108400 56
108460 85
108549 70
108623 67
108694 77
108775 122
108901 14
108919 132
109055 63
109122 211
109337 55
109396 34
109434 30
109468 69
109541 152
109697 62
109763 33
109800 45
109849 54
109907 55
109966 103
110073 52
110129 92
110225 49
110278 190
110472 47
110523 29
110556 359
110919 28
110951 54
111009 67
111080 111
111195 59
111258 306
111568 432
112004 107
112115 98
112217 106
112327 104
112435 85
112524 34
112562 91
112657 26
112687 234
112925 80
113009 97
113110 34
113148 68
113220 92
113316 58
113378 119
113501 131
113636 128
113768 115
113887 146
114037 111
114152 140
114296 136
114436 93
114533 161
114698 50
114752 52
114808 120
114932 57
114993 418
115415 165
115584 126
115714 117
115835 81
115920 131
116055 213
116272 254
116530 236
116770 154
116928 173
117105 689
117798 502
118304 78
118386 259
118649 92
118745 138
118887 67
118958 370
119332 82
119418 69
119491 60
119555 162
119721 62
119787 284
120075 93
120172 211
120387 55
120446 64
120514 238
120756 168
120928 71
121003 164
121171 87
121262 87
121353 124
121481 124
121609 44
121657 97
121758 90
121852 65
121921 279
122204 129
122337 95
122436 78
122518 72
122594 111
122709 231
122944 56
123004 68
123076 83
123163 47
123214 139
123357 75
123436 104
123544 57
123605 54
123663 162
123829 70
123903 65
123972 70
124046 28
124078 320
124402 41
124447 85
124536 46
124586 99
124689 25
124718 431
125153 176
125333 173
125510 99
125613 55
125672 140
125816 389
126209 64
126277 267
126548 95
126647 386
127037 89
127130 267
127401 107
127512 35
127551 69
127624 47
127675 87
127766 60
127830 64
127898 57
127959 255
128218 381
128603 760
129367 96
129467 179
129650 227
129881 153
130038 138
130180 41
130225 38
130267 236
130507 220
130731 114
130849 40
130893 192
131089 46
131139 53
131196 70
131270 171
131445 61
131510 53
131567 33
131604 34
131642 142
131788 167
131959 174
132137 92
132233 86
132323 60
132387 80
132471 61
132536 113
132653 173
132830 116
132950 68
133022 143
133169 76
133249 285
133538 106
133648 91
133743 129
133876 81
133961 107
134072 89
134165 33
134202 64
134270 65
134339 47
134390 364
134758 76
134838 49
134891 62
134957 52
135013 331
135348 57
135409 80
135493 52
135549 99
135652 40
135696 49
135749 64
135817 52
135873 162
136039 47
136090 86
136180 65
136249 73
136326 58
136388 119
136511 139
136654 61
136719 100
136823 113
136940 278
137222 66
137292 102
137398 247
137649 57
137710 113
137827 211
138042 90
138136 62
138202 87
138293 192
138489 260
138753 50
138807 124
138935 68
139007 83
139094 61
139159 66
139229 118
139351 69
139424 77
139505 69
139578 107
139689 85
139778 69
139851 46
139901 63
139968 67
140039 59
140102 92
140198 59
140261 66
140331 88
140423 52
140479 70
140553 120
140677 41
140722 111
140837 68
140909 86
140999 75
141078 111
141193 136
141333 83
141420 145
141569 152
141725 176
141905 71
141980 125
142109 38
142151 67
142222 92
142318 101
142423 125
142552 85
142641 142
142787 184
142975 118
143097 34
143135 54
143193 66
143263 80
143347 144
143495 98
143597 72
143673 72
143749 62
143815 59
143878 67
143949 23
143976 75
144055 95
144154 84
144242 45
144291 66
144361 63
144428 211
144643 154
144801 118
144923 88
145015 125
145144 104
145252 99
145355 741
146100 181
146285 211
146500 76
146580 341
146925 208
147137 215
147356 176
147536 294
147834 135
147973 87
148064 103
148171 140
148315 71
148390 167
148561 111
148676 84
148764 83
148851 254
149109 109
149222 110
149336 101
149441 47
149492 27
149523 146
149673 87
149764 86
149854 52
149910 78
149992 49
150045 124
150173 67
150244 31
150279 246
150529 69
150602 45
150651 258
150913 147
151064 77
151145 198
151347 99
151450 164
151618 44
151666 148
151818 256
152078 254
152336 63
152403 47
152454 43
152501 89
152594 238
152836 213
153053 61
153118 59
153181 137
153322 155
153481 204
153689 205
153898 75
153977 66
154047 47
154098 43
154145 72
154221 198
154423 76
154503 384
154891 190
155085 127
155216 450
155670 78
155752 78
155834 113
155951 80
156035 66
156105 126
156235 87
156326 84
156414 69
156487 117
156608 54
156666 156
156826 353
157183 90
157277 68
157349 67
157420 383
157807 106
157917 49
157970 152
158126 40
158170 86
158260 46
158310 83
158397 58
158459 39
158502 73
158579 52
158635 68
158707 441
159152 61
159217 108
159329 177
159510 135
159649 33
159686 93
159783 61
159848 40
159892 29
159925 42
159971 41
160016 92
160112 65
160181 79
160264 63
160331 244
160579 25
160608 53
160665 78
160747 73
160824 83
160911 50
160965 138
161107 190
161301 62
161367 100
161471 54
161529 108
161641 62
161707 51
161762 53
161819 126
161949 286
162239 30
162273 91
162368 36
162408 59
162471 97
162572 112
162688 89
162781 289
163074 57
163135 268
163407 71
163482 69
163555 107
163666 63
163733 87
163824 87
163915 81
164000 105
164109 130
164243 271
164518 64
164586 106
164696 33
164733 78
164815 95
164914 56
164974 291
165269 353
165626 74
165704 122
165830 35
165869 67
165940 117
166061 117
166182 61
166247 164
166415 93
166512 347
166863 45
166912 60
166976 171
167151 111
167266 90
167360 73
167437 53
167494 657
168155 149
168308 50
168362 64
168430 55
168489 160
168653 47
168704 61
168769 54
168827 82
168913 162
169079 43
169126 33
169163 477
169644 69
169717 113
169834 94
169932 39
169975 66
170045 78
170127 75
170206 183
170393 138
170535 107
170646 94
170744 61
170809 115
170928 91
171023 77
171104 84
171192 71
171267 59
171330 71
171405 63
171472 70
171546 139
171689 155
171848 55
171907 51
171962 99
172065 66
172135 16
172155 84
172243 75
172322 60
172386 66
172456 43
172503 29
172536 67
172607 265
172876 83
172963 163
173130 74
173208 47
173259 60
173323 74
173401 77
173482 68
173554 58
173616 78
173698 56
173758 55
173817 71
173892 121
174017 78
174099 54
174157 60
174221 31
174256 27
174287 110
174401 39
174444 83
174531 50
174585 33
174622 45
174671 311
174986 71
175061 73
175138 146
175288 77
175369 151
175524 72
175600 61
175665 68
175737 127
175868 40
175912 84
176000 192
176196 58
176258 67
176329 30
176363 33
176400 90
176494 55
176553 28
176585 39
176628 273
176905 128
177037 70
177111 75
177190 178
177372 79
177455 69
177528 82
177614 100
177718 106
177828 59
177891 58
177953 32
177989 135
178128 47
178179 50
178233 51
178288 461
178753 129
178886 122
179012 63
179079 88
179171 86
179261 62
179327 52
179383 72
179459 85
179548 121
179673 667
180344 82
180430 54
180488 113
180605 55
180664 39
180707 128
180839 58
180901 78
180983 48
181035 120
181159 72
181235 94
181333 96
181433 221
181658 67
181729 132
181865 116
181985 140
182129 54
182187 100
182291 36
182331 110
182445 58
182507 72
182583 74
182661 137
182802 226
183032 67
183103 138
183245 46
183295 62
183361 594
183959 50
184013 76
184093 189
184286 252
184542 119
184665 21
184690 189
184883 22
184909 43
184956 40
185000 55
185059 287
185350 58
185412 84
185500 36
185540 58
185602 71
185677 30
185711 54
185769 151
185924 103
186031 46
186081 33
186118 147
186269 72
186345 88
186437 97
186538 61
186603 119
186726 127
186857 37
186898 60
186962 17
186983 163
187150 106
187260 57
187321 63
187388 59
187451 82
187537 299
187840 53
187897 151
188052 88
188144 56
188204 65
188273 51
188328 203
188535 70
188609 48
188661 87
188752 38
188794 90
188888 143
189035 54
189093 52
189149 34
189187 64
189255 68
189327 141
189472 60
189536 147
189687 109
189800 37
189841 125
189970 84
190058 77
190139 49
190192 55
190251 73
190328 146
190478 60
190542 50
190596 455
191055 96
191155 68
191227 97
191328 56
191388 181
191573 75
191652 95
191751 65
191820 59
191883 83
191970 60
192034 120
192158 36
192198 190
192392 170
192566 129
192699 191
192894 65
192963 85
193052 191
193247 111
193362 54
193420 361
193785 66
193855 364
194223 127
194354 471
194829 41
194874 72
194950 48
195002 78
195084 35
195123 113
195240 135
195379 30
195413 146
195563 78
195645 89
195738 133
195875 47
195926 362
196292 130
196426 101
196531 33
196568 86
196658 39
196701 50
196755 43
196802 184
196990 65
197059 48
197111 152
197267 137
197408 126
197538 127
197669 57
197730 67
197801 133
197938 85
198027 84
198115 61
198180 48
198232 44
198280 214
198498 61
198563 81
198648 147
198799 68
198871 107
198982 83
199069 69
199142 101
199247 49
199300 124
199428 78
199510 97
199611 87
199702 99
199805 64
199873 56
199933 46
199983 99
200086 56
200146 80
200230 102
200336 112
200452 14
200470 30
200504 240
200748 27
200779 102
200885 73
200962 108
201074 128
201206 211
201421 77
201502 101
201607 15
201626 67
201697 59
201760 40
201804 75
201883 34
201921 59
201984 412
202400 22
202426 40
202470 149
202623 97
202724 43
202771 96
202871 103
202978 88
203070 75
203149 35
203188 314
203506 51
203561 56
203621 38
203663 150
203817 64
203885 88
203977 130
204111 109
204224 111
204339 116
204459 385
204848 76
204928 178
205110 297
205411 378
205793 147
205944 130
206078 163
206245 151
206400 87
206491 77
206572 101
206677 70
206751 29
206784 65
206853 51
206908 208
207120 39
207163 113
207280 65
207349 123
207476 92
207572 155
207731 65
207800 250
208054 61
208119 129
208252 88
208344 61
208409 163
208576 45
208625 194
208823 65
208892 47
208943 164
209111 86
209201 78
209283 192
209479 52
209535 60
209599 145
209748 87
209839 89
209932 71
210007 60
210071 137
210212 142
210358 180
210542 141
210687 240
210931 84
211019 92
211115 23
211142 44
211190 50
211244 139
211387 111
211502 112
211618 61
211683 73
211760 269
212033 203
212240 70
212314 18
212336 64
212404 60
212468 48
212520 113
212637 61
212702 110
212816 192
213012 97
213113 94
213211 81
213296 91
213391 54
213449 64
213517 63
213584 199
213787 54
213845 115
213964 177
214145 406
214555 92
214651 99
214754 72
214830 93
214927 352
215283 254
215541 85
215630 72
215706 45
215755 147
215906 53
215963 142
216109 85
216198 114
216316 150
216470 81
216555 57
216616 52
216672 56
216732 51
216787 178
216969 44
217017 675
217696 152
217852 60
217916 66
217986 124
218114 73
218191 77
218272 96
218372 41
218417 52
218473 39
218516 58
218578 111
218693 73
218770 64
218838 52
218894 56
218954 131
219089 64
219157 59
219220 84
219308 57
219369 72
219445 49
219498 74
219576 62
219642 124
219770 132
219906 64
219974 102
220080 129
220213 115
220332 168
220504 93
220601 62
220667 119
220790 70
220864 78
220946 402
221352 66
221422 68
221494 165
221663 79
221746 202
221952 114
222070 53
222127 106
222237 162
222403 46
222453 171
222628 168
222800 185
222989 166
223159 97
223260 72
223336 171
223511 72
223587 326
223917 169
224090 119
224213 84
224301 247
224552 34
224590 85
224679 58
224741 66
224811 170
224985 112
225101 49
225154 42
225200 215
225419 102
225525 68
225597 67
225668 73
225745 98
225847 73
225924 98
226026 60
226090 101
226195 77
226276 61
226341 209
226554 74
226632 300
226936 339
227279 49
227332 70
227406 140
227550 98
227652 465
228121 176
228301 51
228356 56
228416 44
228464 69
228537 168
228709 87
228800 245
229049 63
229116 80
229200 35
229239 83
229326 74
229404 221
229629 53
229686 56
229746 55
229805 129
229938 84
230026 51
230081 97
230182 83
230269 80
230353 86
230443 131
230578 74
230656 64
230724 324
231052 88
231144 301
231449 51
231504 70
231578 67
231649 107
231760 93
231857 141
232002 49
232055 75
232134 96
232234 64
232302 51
232357 55
232416 77
232497 113
232614 118
232736 111
232851 246
233101 282
233387 79
233470 400
233874 218
234096 64
234164 147
234315 82
234401 92
234497 40
234541 188
234733 48
234785 75
234864 101
234969 95
235068 66
235138 59
235201 170
235375 241
235620 181
235805 60
235869 199
236072 32
236108 62
236174 84
236262 69
236335 72
236411 78
236493 57
236554 104
236662 49
236715 64
236783 79
236866 66
236936 158
237098 131
237233 102
237339 31
237374 109
237487 109
237600 363
237967 67
238038 96
238138 80
238222 58
238284 92
238380 134
238518 87
238609 101
238714 102
238820 105
238929 72
239005 79
239088 103
239195 82
239281 150
239435 82
239521 63
239588 124
239716 272
239992 346
240342 29
240375 152
240531 108
240643 68
240715 125
240844 375
241223 96
241323 106
241433 87
241524 160
241688 60
241752 69
241825 354
242183 125
242312 116
242432 148
242584 657
243245 66
243315 142
243461 203
243668 36
243708 68
243780 127
243911 128
244043 78
244125 73
244202 76
244282 86
244372 74
244450 286
244740 65
244809 96
244909 52
244965 55
245024 291
245319 136
245459 235
245698 52
245754 55
245813 574
246391 223
246618 37
246659 90
246753 61
246818 90
246912 101
247017 125
247146 153
247303 87
247394 81
247479 112
247595 41
247640 51
247695 133
247832 511
248347 80
248431 109
248544 92
248640 173
248817 58
248879 163
249046 45
249095 168
249267 129
249400 47
249451 96
249551 65
249620 86
249710 47
249761 151
249916 130
250050 41
250095 91
250190 94
250288 139
250431 45
250480 39
250523 47
250574 132
250710 219
250933 71
251008 91
251103 81
251188 102
251294 427
251725 248
251977 73
252054 141
252199 108
252311 70
252385 89
252478 82
252564 36
252604 284
252892 120
253016 130
253150 244
253398 218
253620 211
253835 144
253983 51
254038 316
254358 49
254411 103
254518 324
254846 87
254937 113
255054 71
255129 78
255211 73
255288 34
255326 75
255405 71
255480 205
255689 124
255817 111
255932 334
256270 696
256970 55
257029 56
257089 124
257217 36
257257 77
257338 67
257409 128
257541 49
257594 50
257648 92
257744 87
257835 90
257929 31
257964 123
258091 26
258121 27
258152 87
258243 147
258394 95
258493 127
258624 121
258749 390
259143 206
259353 38
259395 74
259473 65
259542 91
259637 54
259695 70
259769 46
259819 31
259854 39
259897 21
259922 47
259973 42
260019 72
260095 37
260136 215
260355 219
260578 323
260905 83
260992 120
261116 304
261424 77
261505 44
261553 85
261642 128
261774 143
261921 62
261987 111
262102 53
262159 194
262357 112
262473 29
262506 51
262561 80
262645 40
262689 74
262767 21
262792 101
262897 105
263006 74
263084 68
263156 19
263179 52
263235 61
263300 112
263416 83
263503 43
263550 85
263639 85
263728 70
263802 104
263910 34
263948 107
264059 328
264391 81
264476 39
264519 130
264653 63
264720 50
264774 53
264831 19
264854 118
264976 117
265097 20
265121 552
265677 50
265731 41
265776 39
265819 56
265879 54
265937 60
266001 139
266144 99
266247 86
266337 91
266432 96
266532 119
266655 88
266747 72
266823 71
266898 71
266973 37
267014 47
267065 56
267125 97
267226 133
267363 35
267402 149
267555 133
267692 72
267768 340
268112 25
268141 153
268298 88
268390 86
268480 137
268621 51
268676 23
268703 34
268741 21
268766 19
268789 77
268870 140
269014 98
269116 67
269187 33
269224 210
269438 65
269507 44
269555 70
269629 68
269701 28
269733 122
269859 31
269894 33
269931 14
269949 141
270094 24
270122 40
270166 43
270213 31
270248 77
270329 61
270394 87
270485 80
270569 89
270662 16
270682 56
270742 64
270810 60
270874 114
270992 84
271080 53
271137 56
271197 93
271294 177
271475 395
271874 64
271942 64
272010 96
272110 92
272206 140
272350 124
272478 53
272535 74
272613 89
272706 125
272835 58
272897 145
273046 113
273163 120
273287 57
273348 205
273557 207
273768 89
273861 59
273924 155
274083 53
274140 116
274260 22
274286 80
274370 130
274504 254
274762 250
275016 63
275083 113
275200 56
275260 231
275495 50
275549 61
275614 92
275710 48
275762 43
275809 53
275866 69
275939 90
276033 176
276213 194
276411 41
276456 41
276501 39
276544 65
276613 88
276705 497
277206 85
277295 57
277356 59
277419 56
277479 116
277599 56
277659 52
277715 57
277776 50
277830 90
277924 100
278028 60
278092 51
278147 14
278165 124
278293 107
278404 101
278509 132
278645 122
278771 206
278981 130
279115 56
279175 241
279420 101
279525 109
279638 70
279712 214
279930 264
280198 53
280255 153
280412 150
280566 104
280674 90
280768 127
280899 49
280952 25
280981 19
281004 53
281061 168
281233 96
281333 388
281725 137
281866 103
281973 74
282051 289
282344 243
282591 109
282704 303
283011 67
283082 56
283142 53
283199 87
283290 103
283397 91
283492 81
283577 91
283672 162
283838 259
284101 48
284153 56
284213 113
284330 359
284693 96
284793 85
284882 83
284969 104
285077 19
285100 89
285193 49
285246 71
285321 162
285487 74
285565 60
285629 14
285647 55
285706 65
285775 97
285876 134
286014 63
286081 200
286285 99
286388 53
286445 78
286527 77
286608 71
286683 105
286792 118
286914 127
287045 89
287138 60
287202 256
287462 48
287514 64
287582 322
287908 47
287959 32
287995 34
288033 122
288159 110
288273 130
288407 59
288470 101
288575 600
289179 46
289229 43
289276 106
289386 66
289456 37
289497 184
289685 24
289713 110
289827 101
289932 117
290053 89
290146 56
290206 126
290336 173
290513 59
290576 73
290653 208
290865 106
290975 51
291030 59
291093 67
291164 29
291197 133
291334 51
291389 137
291530 100
291634 64
291702 63
291769 78
291851 66
291921 40
291965 120
292089 76
292169 83
292256 118
292378 416
292798 81
292883 91
292978 76
293058 55
293117 243
293364 100
293468 86
293558 113
293675 57
293736 84
293824 87
293915 73
293992 64
294060 114
294178 62
294244 33
294281 58
294343 140
294487 63
294554 66
294624 131
294759 96
294859 163
295026 73
295103 46
295153 117
295274 253
295531 112
295647 318
295969 138
296111 102
296217 103
296324 135
296463 111
296578 207
296789 216
297009 144
297157 253
297414 279
297697 85
297786 121
297911 90
298005 168
298177 422
298603 133
298740 275
299019 109
299132 214
299350 421
299775 148
299927 177
300108 288
300400 129
300533 174
300711 373
301088 370
301462 175
301641 597
302242 194
302440 695
303139 208
303351 407
303762 277
304043 984
305031 135
305170 145
305319 169
305492 245
305741 206
305951 147
306102 324
306430 292
306726 291
307021 153
307178 211
307393 166
307563 186
307753 211
307968 246
308218 289
308511 138
308653 126
308783 256
309043 180
309227 187
309418 162
309584 124
309712 266
309982 211
310197 129
310330 146
310480 124
310608 85
310697 116
310817 156
310977 153
311134 115
311253 102
311359 99
311462 108
311574 148
311726 174
311904 96
312004 120
312128 65
312197 217
312418 86
312508 78
312590 73
312667 81
312752 225
312981 156
313141 109
313254 200
313458 123
313585 158
313747 99
313850 73
313927 298
314229 231
314464 91
314559 116
314679 156
314839 153
314996 312
315312 43
315359 135
315498 97
315599 132
315735 380
316119 329
316452 135
316591 91
316686 100
316790 133
316927 154
317085 185
317274 95
317373 117
317494 288
317786 218
318008 152
318164 362
318530 107
318641 167
318812 99
318915 317
319236 125
319365 237
319606 338
319948 562
320514 198
320716 160
320880 131
321015 166
321185 132
321321 75
321400 78
321482 89
321575 98
321677 83
321764 266
322034 129
322167 555
322726 213
322943 123
323070 104
323178 154
323336 116
323456 350
323810 240
324054 1051
325109 179
325292 303
325599 845
326448 43
326495 130
326629 39
326672 75
326751 193
326948 189
327141 237
327382 335
327721 335
328060 168
328232 574
328810 441
329255 312
329571 236
329811 314
330129 338
330471 86
330561 89
330654 135
330793 205
331002 113
331119 65
331188 76
331268 95
331367 121
331492 110
331606 298
331908 329
332241 139
332384 102
332490 136
332630 94
332728 118
332850 87
332941 141
333086 99
333189 154
333347 169
333520 75
333599 97
333700 70
333774 86
333864 89
333957 136
334097 68
334169 154
334327 126
334457 99
334560 60
334624 275
334903 244
335151 150
335305 127
335436 63
335503 80
335587 90
335681 70
335755 148
335907 92
336003 128
336135 67
336206 117
336327 57
336388 110
336502 66
336572 111
336687 94
336785 173
336962 100
337066 143
337213 86
337303 112
337419 67
337490 70
337564 129
337697 103
337804 108
337916 121
338041 113
338158 152
338314 118
338436 141
338581 73
338658 65
338727 162
338893 82
338979 233
339216 614
339834 386
340224 585
340813 393
341210 844
342058 185
342247 114
342365 168
342537 149
342690 192
342886 195
343085 227
343316 271
343591 201
343796 94
343894 149
344047 123
344174 82
344260 70
344334 131
344469 245
344718 99
344821 113
344938 103
345045 201
345250 182
345436 276
345716 88
345808 115
345927 102
346033 67
346104 68
346176 106
346286 199
346489 95
346588 160
346752 90
346846 262
347112 78
347194 141
347339 93
347436 133
347573 74
347651 173
347828 95
347927 180
348111 118
348233 106
348343 137
348484 102
348590 195
348789 115
348908 93
349005 178
349187 232
349423 117
349544 166
349714 73
349791 145
349940 109
350053 101
350158 132
350294 98
350396 125
350525 70
350599 121
350724 107
350835 60
350899 94
350997 179
351180 107
351291 79
351374 57
351435 104
351543 113
351660 166
351830 156
351990 85
352079 79
352162 100
352266 120
352390 224
352618 190
352812 218
353034 145
353183 74
353261 185
353450 101
353555 134
353693 92
353789 153
353946 256
354206 99
354309 154
354467 90
354561 82
354647 141
354792 77
354873 155
355032 74
355110 128
355242 204
355450 168
355622 97
355723 112
